z1=0. z2=207.5652
#   COL    LINE   COORDINATES
#     R    MAG    FLUX     SKY    PEAK    E   PA BETA ENCLOSED   MOFFAT DIRECT
 271.01  276.89 271.01 276.89
   8.92  14.72  12997.     91.   1316. 0.21   78 3.00     2.51     2.97   2.97
 301.03  410.75 301.03 410.75
   7.81  12.00 158192.     93.  18838. 0.03 0.00 11.3     2.43     2.59   2.60
 215.48  399.39 215.48 399.39
   7.46  12.18 134476.     92.  16174. 0.04   56 6.76     2.36     2.83   2.49
 118.67  305.55 118.67 305.55
   7.67  14.39  17494.     91.   2174. 0.06  -88 10.8     2.26     2.59   2.56
 398.06  221.09 398.06 221.09
   8.93  14.46  16475.     91.   1591. 0.24   62 4.63     2.50     3.07   2.98
